   4.7244094E-02   0.0000000E+00
   9.4488189E-02   0.0000000E+00
   1.4173229E-01   0.0000000E+00
   1.8897638E-01   1.5017520E-01
   2.3622048E-01   1.0595695E+00
   2.8346458E-01   1.7770733E+00
   3.3070865E-01   2.6614382E+00
   3.7795275E-01   2.1775405E+00
   4.2519686E-01   3.4707158E+00
   4.7244096E-01   4.2215919E+00
   5.1968503E-01   4.6053729E+00
   5.6692916E-01   7.5087605E+00
   6.1417323E-01   8.1845484E+00
   6.6141731E-01   6.1571832E+00
   7.0866144E-01   6.8246288E+00
   7.5590551E-01   4.6554313E+00
   8.0314958E-01   5.4480228E+00
   8.5039371E-01   3.3872852E+00
   8.9763778E-01   2.2109127E+00
   9.4488192E-01   1.6602703E+00
   9.9212599E-01   3.2621391E+00
   1.0393701E+00   3.2454531E+00
   1.0866141E+00   4.5135994E+00
   1.1338583E+00   1.0345403E+00
   1.1811024E+00   2.7698982E+00
   1.2283465E+00   1.6519272E+00
   1.2755905E+00   1.6102120E+00
   1.3228346E+00   1.6185549E+00
   1.3700787E+00   1.4266645E+00
   1.4173229E+00   7.3418987E-01
   1.4645669E+00   4.0881029E-01
   1.5118110E+00   4.1715336E-01
   1.5590551E+00   1.4183214E-01
   1.6062992E+00   2.2526281E-01
   1.6535434E+00   3.1703654E-01
   1.7007874E+00   2.6697814E-01
   1.7480315E+00   5.0892711E-01
   1.7952756E+00   1.4516937E+00
   1.8425196E+00   8.5933590E-01
   1.8897638E+00   7.9259133E-01
   1.9370079E+00   5.6732857E-01
   1.9842520E+00   8.0093443E-01
   2.0314960E+00   2.1691974E-01
   2.0787401E+00   1.6686134E-01
   2.1259842E+00   1.1430001E+00
   2.1732283E+00   3.0869347E-01
   2.2204723E+00   1.8354747E-01
   2.2677166E+00   0.0000000E+00
   2.3149607E+00   2.0023361E-01
   2.3622048E+00   0.0000000E+00
   2.4094489E+00   6.6744536E-01
   2.4566929E+00   0.0000000E+00
   2.5039370E+00   7.2584683E-01
   2.5511811E+00   2.9200733E-01
   2.5984251E+00   3.0869347E-01
   2.6456692E+00   7.4253297E-01
   2.6929133E+00   0.0000000E+00
   2.7401574E+00   0.0000000E+00
   2.7874017E+00   0.0000000E+00
   2.8346457E+00   1.9189054E-01
   2.8818898E+00   6.6744536E-02
   2.9291339E+00   0.0000000E+00
   2.9763780E+00   0.0000000E+00
   3.0236220E+00   0.0000000E+00
