   0.0000000E+00   1.0000000E+00   1.0000000E+00
   4.7244094E-02   9.0685415E-01   9.0008682E-01
   9.4488189E-02   7.0130569E-01   6.7870593E-01
   1.4173229E-01   4.9229309E-01   4.5668891E-01
   1.8897638E-01   3.1702608E-01   2.8571177E-01
   2.3622048E-01   1.7856196E-01   1.6253190E-01
   2.8346458E-01   8.7177418E-02   7.8531414E-02
   3.3070865E-01   4.0116567E-02   2.3696108E-02
   3.7795275E-01   1.7974464E-02  -1.3377657E-02
   4.2519686E-01   4.3840446E-03  -3.9467305E-02
   4.7244096E-01  -6.3704704E-03  -5.8215868E-02
   5.1968503E-01  -1.4144976E-02  -7.0809662E-02
   5.6692916E-01  -1.8952461E-02  -7.7038087E-02
   6.1417323E-01  -2.1894382E-02  -7.8542590E-02
   6.6141731E-01  -2.4782335E-02  -7.7782594E-02
   7.0866144E-01  -3.0154292E-02  -7.5514823E-02
   7.5590551E-01  -3.8408082E-02  -7.1883425E-02
   8.0314958E-01  -4.7206596E-02  -6.6987716E-02
   8.5039371E-01  -5.5012047E-02  -5.9442755E-02
   8.9763778E-01  -6.2200539E-02  -4.8365645E-02
   9.4488192E-01  -6.9234394E-02  -3.5389207E-02
   9.9212599E-01  -7.5457558E-02  -2.1551302E-02
   1.0393701E+00  -7.9734534E-02  -6.5662302E-03
   1.0866141E+00  -8.2128420E-02   7.5677256E-03
   1.1338583E+00  -8.2722187E-02   1.7599614E-02
   1.1811024E+00  -7.9455599E-02   2.2417102E-02
   1.2283465E+00  -7.1195960E-02   2.2338696E-02
   1.2755905E+00  -5.9844010E-02   1.8963588E-02
   1.3228346E+00  -4.7454253E-02   1.4669979E-02
   1.3700787E+00  -3.7576281E-02   8.6848969E-03
   1.4173229E+00  -3.6639798E-02  -1.8385762E-03
   1.4645669E+00  -4.6165098E-02  -1.7553734E-02
   1.5118110E+00  -5.9151325E-02  -3.7396040E-02
   1.5590551E+00  -6.9188192E-02  -5.8049448E-02
   1.6062992E+00  -7.5989150E-02  -7.3467225E-02
   1.6535434E+00  -8.0577478E-02  -8.0782987E-02
   1.7007874E+00  -8.1814528E-02  -8.3367221E-02
   1.7480315E+00  -7.7959798E-02  -8.4571727E-02
   1.7952756E+00  -6.8997547E-02  -8.3423108E-02
   1.8425196E+00  -5.7749756E-02  -7.9818085E-02
   1.8897638E+00  -4.8446834E-02  -7.7687405E-02
   1.9370079E+00  -4.4412464E-02  -7.9709478E-02
   1.9842520E+00  -4.6817284E-02  -8.5210428E-02
   2.0314960E+00  -5.3549666E-02  -9.2519537E-02
   2.0787401E+00  -6.0790867E-02  -9.8434173E-02
   2.1259842E+00  -6.7214452E-02  -9.9821411E-02
   2.1732283E+00  -7.3730722E-02  -9.7002693E-02
   2.2204723E+00  -7.9300523E-02  -9.1426931E-02
   2.2677166E+00  -8.0543280E-02  -8.3263896E-02
   2.3149607E+00  -7.5344138E-02  -7.2897069E-02
   2.3622048E+00  -6.5204173E-02  -6.0149498E-02
   2.4094489E+00  -5.4843273E-02  -4.3341272E-02
   2.4566929E+00  -4.8758402E-02  -2.2848697E-02
   2.5039370E+00  -4.6305984E-02  -3.7681197E-03
   2.5511811E+00  -4.2738080E-02   7.8164758E-03
   2.5984251E+00  -3.4808252E-02   1.1809253E-02
   2.6456692E+00  -2.1586725E-02   1.4683498E-02
   2.6929133E+00  -4.0376605E-03   2.0447256E-02
   2.7401574E+00   1.2473409E-02   2.4661342E-02
   2.7874017E+00   1.8995965E-02   2.0023968E-02
   2.8346457E+00   8.8068945E-03   4.3438035E-03
   2.8818898E+00  -1.6390478E-02  -1.7911291E-02
   2.9291339E+00  -4.7376920E-02  -3.9760053E-02
   2.9763780E+00  -7.5530410E-02  -5.6741536E-02
