   0.0000000E+00   1.0000000E+00
   4.7244094E-02   9.4386494E-01
   9.4488189E-02   7.8941786E-01
   1.4173229E-01   6.3418704E-01
   1.8897638E-01   4.9964988E-01
   2.3622048E-01   3.8346884E-01
   2.8346458E-01   2.8698331E-01
   3.3070865E-01   2.0992234E-01
   3.7795275E-01   1.4727886E-01
   4.2519686E-01   9.4991885E-02
   4.7244096E-01   5.2163046E-02
   5.1968503E-01   1.7895050E-02
   5.6692916E-01  -1.0180896E-02
   6.1417323E-01  -3.3653807E-02
   6.6141731E-01  -5.3731568E-02
   7.0866144E-01  -7.2031312E-02
   7.5590551E-01  -8.8877715E-02
   8.0314958E-01  -1.0356631E-01
   8.5039371E-01  -1.1560507E-01
   8.9763778E-01  -1.2482877E-01
   9.4488192E-01  -1.3166183E-01
   9.9212599E-01  -1.3694686E-01
   1.0393701E+00  -1.4125852E-01
   1.0866141E+00  -1.4452949E-01
   1.1338583E+00  -1.4610368E-01
   1.1811024E+00  -1.4532933E-01
   1.2283465E+00  -1.4234732E-01
   1.2755905E+00  -1.3820547E-01
   1.3228346E+00  -1.3400321E-01
   1.3700787E+00  -1.3046972E-01
   1.4173229E+00  -1.2835750E-01
   1.4645669E+00  -1.2777437E-01
   1.5118110E+00  -1.2752597E-01
   1.5590551E+00  -1.2655640E-01
   1.6062992E+00  -1.2494399E-01
   1.6535434E+00  -1.2269186E-01
   1.7007874E+00  -1.1968359E-01
   1.7480315E+00  -1.1688821E-01
   1.7952756E+00  -1.1519467E-01
   1.8425196E+00  -1.1398610E-01
   1.8897638E+00  -1.1239354E-01
   1.9370079E+00  -1.1060866E-01
   1.9842520E+00  -1.0921100E-01
   2.0314960E+00  -1.0793100E-01
   2.0787401E+00  -1.0567059E-01
   2.1259842E+00  -1.0190994E-01
   2.1732283E+00  -9.7161643E-02
   2.2204723E+00  -9.1566965E-02
   2.2677166E+00  -8.4641121E-02
   2.3149607E+00  -7.6723300E-02
   2.3622048E+00  -6.8826355E-02
   2.4094489E+00  -6.1442614E-02
   2.4566929E+00  -5.4568343E-02
   2.5039370E+00  -4.7988966E-02
   2.5511811E+00  -4.1486334E-02
   2.5984251E+00  -3.4721650E-02
   2.6456692E+00  -2.7041709E-02
   2.6929133E+00  -1.8472854E-02
   2.7401574E+00  -1.0036925E-02
   2.7874017E+00  -3.1471318E-03
   2.8346457E+00   8.8475225E-04
   2.8818898E+00   2.2906431E-03
   2.9291339E+00   2.4887007E-03
   2.9763780E+00   1.8155591E-03
