   0.0000000E+00   1.0000000E+00
   4.7244094E-02   9.6550924E-01
   9.4488189E-02   8.6673814E-01
   1.4173229E-01   7.5797778E-01
   1.8897638E-01   6.5422595E-01
   2.3622048E-01   5.5847979E-01
   2.8346458E-01   4.7162542E-01
   3.3070865E-01   3.8698351E-01
   3.7795275E-01   3.0055252E-01
   4.2519686E-01   2.1891463E-01
   4.7244096E-01   1.5168591E-01
   5.1968503E-01   1.0279618E-01
   5.6692916E-01   6.5689139E-02
   6.1417323E-01   2.9887831E-02
   6.6141731E-01  -6.2236516E-03
   7.0866144E-01  -4.0122002E-02
   7.5590551E-01  -7.5308733E-02
   8.0314958E-01  -1.1155690E-01
   8.5039371E-01  -1.4060995E-01
   8.9763778E-01  -1.6165264E-01
   9.4488192E-01  -1.8276024E-01
   9.9212599E-01  -2.0907281E-01
   1.0393701E+00  -2.4157481E-01
   1.0866141E+00  -2.7452311E-01
   1.1338583E+00  -2.9280955E-01
   1.1811024E+00  -2.8732103E-01
   1.2283465E+00  -2.6508215E-01
   1.2755905E+00  -2.3749813E-01
   1.3228346E+00  -2.1270107E-01
   1.3700787E+00  -1.9506304E-01
   1.4173229E+00  -1.8101430E-01
   1.4645669E+00  -1.6464005E-01
   1.5118110E+00  -1.4619444E-01
   1.5590551E+00  -1.2896286E-01
   1.6062992E+00  -1.1549024E-01
   1.6535434E+00  -1.0538671E-01
   1.7007874E+00  -9.4302900E-02
   1.7480315E+00  -7.9166479E-02
   1.7952756E+00  -6.1042771E-02
   1.8425196E+00  -4.3018300E-02
   1.8897638E+00  -3.0323049E-02
   1.9370079E+00  -2.9897906E-02
   1.9842520E+00  -4.4070203E-02
   2.0314960E+00  -6.6996843E-02
   2.0787401E+00  -9.1395609E-02
   2.1259842E+00  -1.1189450E-01
   2.1732283E+00  -1.2273998E-01
   2.2204723E+00  -1.2449944E-01
   2.2677166E+00  -1.2695064E-01
   2.3149607E+00  -1.3788819E-01
   2.3622048E+00  -1.5597638E-01
   2.4094489E+00  -1.7222901E-01
   2.4566929E+00  -1.7647497E-01
   2.5039370E+00  -1.6556653E-01
   2.5511811E+00  -1.4339921E-01
   2.5984251E+00  -1.1677831E-01
   2.6456692E+00  -9.1970935E-02
   2.6929133E+00  -6.8445235E-02
   2.7401574E+00  -4.0942222E-02
   2.7874017E+00  -1.2460717E-02
   2.8346457E+00   7.2632139E-03
   2.8818898E+00   1.5502895E-02
   2.9291339E+00   1.5136998E-02
   2.9763780E+00   8.3233416E-03
