   0.0000000E+00   1.0000000E+00
   4.7244094E-02   9.4363576E-01
   9.4488189E-02   7.7949005E-01
   1.4173229E-01   5.9975523E-01
   1.8897638E-01   4.3733498E-01
   2.3622048E-01   3.0240932E-01
   2.8346458E-01   2.0272808E-01
   3.3070865E-01   1.3742651E-01
   3.7795275E-01   9.1419160E-02
   4.2519686E-01   4.9326576E-02
   4.7244096E-01   2.4754631E-03
   5.1968503E-01  -5.0732125E-02
   5.6692916E-01  -1.0160117E-01
   6.1417323E-01  -1.4452495E-01
   6.6141731E-01  -1.8181343E-01
   7.0866144E-01  -2.0214398E-01
   7.5590551E-01  -1.8807106E-01
   8.0314958E-01  -1.5034941E-01
   8.5039371E-01  -1.1812701E-01
   8.9763778E-01  -1.0142945E-01
   9.4488192E-01  -9.0714455E-02
   9.9212599E-01  -7.7375509E-02
   1.0393701E+00  -6.0414001E-02
   1.0866141E+00  -4.7833044E-02
   1.1338583E+00  -5.2284978E-02
   1.1811024E+00  -7.4938431E-02
   1.2283465E+00  -9.8502643E-02
   1.2755905E+00  -1.0607196E-01
   1.3228346E+00  -9.4834894E-02
   1.3700787E+00  -6.2951475E-02
   1.4173229E+00  -1.2617630E-02
   1.4645669E+00   3.6129467E-02
   1.5118110E+00   6.8902664E-02
   1.5590551E+00   8.9555271E-02
   1.6062992E+00   9.7419448E-02
   1.6535434E+00   9.0732917E-02
   1.7007874E+00   7.6595508E-02
   1.7480315E+00   5.5289093E-02
   1.7952756E+00   2.4385393E-02
   1.8425196E+00  -7.9426682E-03
   1.8897638E+00  -3.6608551E-02
   1.9370079E+00  -6.9075622E-02
   1.9842520E+00  -1.1452992E-01
   2.0314960E+00  -1.7456023E-01
   2.0787401E+00  -2.4043939E-01
   2.1259842E+00  -2.9257667E-01
   2.1732283E+00  -3.0994976E-01
   2.2204723E+00  -2.9152149E-01
   2.2677166E+00  -2.5827271E-01
   2.3149607E+00  -2.2400312E-01
   2.3622048E+00  -1.8636303E-01
   2.4094489E+00  -1.5058118E-01
   2.4566929E+00  -1.2563367E-01
   2.5039370E+00  -1.0199849E-01
   2.5511811E+00  -6.9206655E-02
   2.5984251E+00  -3.5779797E-02
   2.6456692E+00  -1.1753925E-02
   2.6929133E+00   4.8826425E-03
   2.7401574E+00   1.9940333E-02
   2.7874017E+00   3.1400308E-02
   2.8346457E+00   3.2354292E-02
   2.8818898E+00   2.4200838E-02
   2.9291339E+00   1.0946461E-02
   2.9763780E+00  -2.6941879E-03
