   0.0000000E+00   1.0000000E+00
   4.7244094E-02   1.0161997E+00
   9.4488189E-02   9.6552521E-01
   1.4173229E-01   9.0103215E-01
   1.8897638E-01   8.2515031E-01
   2.3622048E-01   7.4086612E-01
   2.8346458E-01   6.5150356E-01
   3.3070865E-01   5.6032205E-01
   3.7795275E-01   4.7024766E-01
   4.2519686E-01   3.8390914E-01
   4.7244096E-01   3.0361781E-01
   5.1968503E-01   2.3115453E-01
   5.6692916E-01   1.6770175E-01
   6.1417323E-01   1.1396240E-01
   6.6141731E-01   7.0131660E-02
   7.0866144E-01   3.5771064E-02
   7.5590551E-01   9.8701846E-03
   8.0314958E-01  -8.9304661E-03
   8.5039371E-01  -2.2107152E-02
   8.9763778E-01  -3.1054728E-02
   9.4488192E-01  -3.6972743E-02
   9.9212599E-01  -4.0878467E-02
   1.0393701E+00  -4.3630008E-02
   1.0866141E+00  -4.5922946E-02
   1.1338583E+00  -4.8312336E-02
   1.1811024E+00  -5.1275294E-02
   1.2283465E+00  -5.5246904E-02
   1.2755905E+00  -6.0654152E-02
   1.3228346E+00  -6.7930616E-02
   1.3700787E+00  -7.7534594E-02
   1.4173229E+00  -8.9947745E-02
   1.4645669E+00  -1.0565493E-01
   1.5118110E+00  -1.2506959E-01
   1.5590551E+00  -1.4847286E-01
   1.6062992E+00  -1.7596047E-01
   1.6535434E+00  -2.0734987E-01
   1.7007874E+00  -2.4208035E-01
   1.7480315E+00  -2.7920881E-01
   1.7952756E+00  -3.1739375E-01
   1.8425196E+00  -3.5488859E-01
   1.8897638E+00  -3.8970852E-01
   1.9370079E+00  -4.1987333E-01
   1.9842520E+00  -4.4347280E-01
   2.0314960E+00  -4.5872995E-01
   2.0787401E+00  -4.6423987E-01
   2.1259842E+00  -4.5902577E-01
   2.1732283E+00  -4.4244200E-01
   2.2204723E+00  -4.1454422E-01
   2.2677166E+00  -3.7670878E-01
   2.3149607E+00  -3.3171353E-01
   2.3622048E+00  -2.8328642E-01
   2.4094489E+00  -2.3525657E-01
   2.4566929E+00  -1.9030841E-01
   2.5039370E+00  -1.4948368E-01
   2.5511811E+00  -1.1315310E-01
   2.5984251E+00  -8.1739239E-02
   2.6456692E+00  -5.5247806E-02
   2.6929133E+00  -3.3340868E-02
   2.7401574E+00  -1.6174532E-02
   2.7874017E+00  -4.0741214E-03
   2.8346457E+00   3.5103611E-03
   2.8818898E+00   7.6675089E-03
   2.9291339E+00   8.8016354E-03
   2.9763780E+00   6.4247213E-03
