   0.0000000E+00   1.0000000E+00
   4.7244094E-02   1.0006392E+00
   9.4488189E-02   9.8190844E-01
   1.4173229E-01   9.5709842E-01
   1.8897638E-01   9.2643398E-01
   2.3622048E-01   8.9012420E-01
   2.8346458E-01   8.4843624E-01
   3.3070865E-01   8.0173272E-01
   3.7795275E-01   7.5045520E-01
   4.2519686E-01   6.9529039E-01
   4.7244096E-01   6.3694364E-01
   5.1968503E-01   5.7619119E-01
   5.6692916E-01   5.1399368E-01
   6.1417323E-01   4.5093423E-01
   6.6141731E-01   3.8740620E-01
   7.0866144E-01   3.2399294E-01
   7.5590551E-01   2.6111743E-01
   8.0314958E-01   1.9915506E-01
   8.5039371E-01   1.3847335E-01
   8.9763778E-01   7.9408877E-02
   9.4488192E-01   2.2421261E-02
   9.9212599E-01  -3.2263536E-02
   1.0393701E+00  -8.4416963E-02
   1.0866141E+00  -1.3361049E-01
   1.1338583E+00  -1.7966944E-01
   1.1811024E+00  -2.2244336E-01
   1.2283465E+00  -2.6175818E-01
   1.2755905E+00  -2.9768148E-01
   1.3228346E+00  -3.3029696E-01
   1.3700787E+00  -3.5961041E-01
   1.4173229E+00  -3.8553953E-01
   1.4645669E+00  -4.0807799E-01
   1.5118110E+00  -4.2738891E-01
   1.5590551E+00  -4.4352704E-01
   1.6062992E+00  -4.5635304E-01
   1.6535434E+00  -4.6571848E-01
   1.7007874E+00  -4.7161925E-01
   1.7480315E+00  -4.7416589E-01
   1.7952756E+00  -4.7341835E-01
   1.8425196E+00  -4.6933934E-01
   1.8897638E+00  -4.6193430E-01
   1.9370079E+00  -4.5144111E-01
   1.9842520E+00  -4.3812045E-01
   2.0314960E+00  -4.2225263E-01
   2.0787401E+00  -4.0427747E-01
   2.1259842E+00  -3.8445410E-01
   2.1732283E+00  -3.6299053E-01
   2.2204723E+00  -3.4025636E-01
   2.2677166E+00  -3.1651670E-01
   2.3149607E+00  -2.9200488E-01
   2.3622048E+00  -2.6693577E-01
   2.4094489E+00  -2.4154657E-01
   2.4566929E+00  -2.1616688E-01
   2.5039370E+00  -1.9096304E-01
   2.5511811E+00  -1.6621885E-01
   2.5984251E+00  -1.4247546E-01
   2.6456692E+00  -1.2006444E-01
   2.6929133E+00  -9.9216677E-02
   2.7401574E+00  -8.0149546E-02
   2.7874017E+00  -6.2859707E-02
   2.8346457E+00  -4.7275729E-02
   2.8818898E+00  -3.3279836E-02
   2.9291339E+00  -2.0768387E-02
   2.9763780E+00  -9.7344136E-03
