   0.0000000E+00   1.0000000E+00
   4.7244094E-02   9.3099129E-01
   9.4488189E-02   7.5282747E-01
   1.4173229E-01   5.1295769E-01
   1.8897638E-01   2.4705601E-01
   2.3622048E-01  -1.2499266E-02
   2.8346458E-01  -2.3847815E-01
   3.3070865E-01  -4.1123936E-01
   3.7795275E-01  -5.1939166E-01
   4.2519686E-01  -5.6712276E-01
   4.7244096E-01  -5.6497014E-01
   5.1968503E-01  -5.2044266E-01
   5.6692916E-01  -4.4276708E-01
   6.1417323E-01  -3.3881432E-01
   6.6141731E-01  -2.1209115E-01
   7.0866144E-01  -7.1307600E-02
   7.5590551E-01   7.2676331E-02
   8.0314958E-01   2.0910773E-01
   8.5039371E-01   3.2245949E-01
   8.9763778E-01   3.9842558E-01
   9.4488192E-01   4.2941260E-01
   9.9212599E-01   4.1160262E-01
   1.0393701E+00   3.4716764E-01
   1.0866141E+00   2.4408650E-01
   1.1338583E+00   1.1315294E-01
   1.1811024E+00  -2.6132943E-02
   1.2283465E+00  -1.4836764E-01
   1.2755905E+00  -2.3642936E-01
   1.3228346E+00  -2.8335607E-01
   1.3700787E+00  -2.8831503E-01
   1.4173229E+00  -2.5750571E-01
   1.4645669E+00  -2.0147195E-01
   1.5118110E+00  -1.3377729E-01
   1.5590551E+00  -7.1860150E-02
   1.6062992E+00  -2.7155412E-02
   1.6535434E+00   2.4262560E-03
   1.7007874E+00   2.2324178E-02
   1.7480315E+00   3.3752654E-02
   1.7952756E+00   3.8504776E-02
   1.8425196E+00   3.9796997E-02
   1.8897638E+00   3.9618149E-02
   1.9370079E+00   3.8988873E-02
   1.9842520E+00   3.6438908E-02
   2.0314960E+00   2.9179050E-02
   2.0787401E+00   1.7657068E-02
   2.1259842E+00   3.7108646E-03
   2.1732283E+00  -1.1265568E-02
   2.2204723E+00  -2.4306150E-02
   2.2677166E+00  -3.3918504E-02
   2.3149607E+00  -4.0155370E-02
   2.3622048E+00  -4.1257516E-02
   2.4094489E+00  -3.7013851E-02
   2.4566929E+00  -2.8311854E-02
   2.5039370E+00  -1.5480452E-02
   2.5511811E+00  -2.0770230E-03
   2.5984251E+00   7.8619085E-03
   2.6456692E+00   1.1822308E-02
   2.6929133E+00   8.0794515E-03
   2.7401574E+00   5.0080090E-04
   2.7874017E+00  -4.5901425E-03
   2.8346457E+00  -5.5423910E-03
   2.8818898E+00  -3.7104471E-03
   2.9291339E+00  -1.3436418E-03
   2.9763780E+00  -1.6979655E-04
